
=> Raiden Shogun (/give 13509 x1 lv90 r1)
/give 94544 lv20 13001 501234 501064 501224,4 501204,3
/give 94524 lv20 13003 501234 501064 501224,4 501204,3
/give 94554 lv20 10007 501064 501244 501224,4 501204,3
/give 94514 lv20 15009 501234 501064 501224,3 501204,4
/give 94534 lv20 13008 501234 501064 501244 501204,6

=> Yae Miko (/give 14509 x1 lv90 r1)
/give 32544 lv20 13001 501234 501064 501224,4 501204,3
/give 32524 lv20 13003 501234 501064 501224,4 501204,3
/give 32554 lv20 13004 501234 501244 501224,4 501204,3
/give 32514 lv20 15009 501234 501064 501224,5 501204,2
/give 32534 lv20 13008 501234 501064 501244 501204,6

/give 79544 lv20 13001 501234 501064 501224,4 501204,3
/give 79524 lv20 13003 501234 501064 501224,4 501204,3
/give 79554 lv20 13004 501234 501244 501224,3 501204,4
/give 79514 lv20 15009 501234 501064 501224,4 501204,3
/give 79534 lv20 13008 501234 501244 501064 501204,6

=> Kujou Sara (/give 15403 x1 lv90 r5)
/give 94544 lv20 13001 501064 501234 501224,5 501204,2
/give 94524 lv20 13003 501064 501234 501224,5 501204,2
/give 94554 lv20 10007 501064 501244 501224,4 501204,3
/give 94514 lv20 15009 501064 501234 501224,4 501204,3
/give 94534 lv20 13007 501064 501234 501244 501224,6

/give 94554 lv20 13004 501234 501244 501224,4 501204,3

=> Kazuha (/give 11407 x1 lv90 r5)
/give 76544 lv20 13001 501244,4 501234 501224 501204,3
/give 76524 lv20 13003 501244,4 501234 501224 501204,3
/give 76554 lv20 13010 501064 501234,3 501224,2 501204,3
/give 76514 lv20 13010 501064 501234,3 501224,2 501204,3
/give 76534 lv20 13010 501064 501234,4 501224,2 501204,2

=> Bennett (/give 11501 x1 lv90 r1)
/give 81544 lv20 13001 501034,6 501234 501224 501204
/give 81524 lv20 13003 501034,6 501234 501224 501204
/give 81554 lv20 10007 501034,6 501064 501224 501204
/give 81514 lv20 13002 501234,6 501064 501224 501204
/give 81534 lv20 13009 501034,6 501234 501224 501204

=> Hu tao
/give 80544 lv20 13001 501034 501244 501224,3 501204,4
/give 80524 lv20 13003 501034 501244 501224,3 501204,4
/give 80554 lv20 13002 501064 501244 501224,2 501204,5
/give 80514 lv20 15008 501034 501244 501224,3 501204,4
/give 80534 lv20 13008 501034 501064 501244 501204,6

=> Yelan
/give 94544 lv20 13001 501234,2 501034,2 501224,3 501204,2
/give 94524 lv20 13003 501234,2 501034,2 501224,3 501204,2
/give 94554 lv20 13002 501234,2 501244 501224,3 501204,3
/give 94514 lv20 15011 501234,2 501034,2 501224,3 501204,2
/give 94534 lv20 13008 501234 501034 501064 501204,6

=> Xingqiu
/give 94544 lv20 13001 501234 501064 501224,3 501204,4
/give 94524 lv20 13003 501234 501064 501224,3 501204,4
/give 94554 lv20 13004 501244 501234 501224,3 501204,4
/give 94514 lv20 15011 501234 501064 501224,3 501204,4
/give 94534 lv20 13008 501234,2 501244 501064 501204,5

=> Zhongli (/give 13303 x1 lv90 r5)
/give 91544 lv20 13001 501034 501234 501224,3 501204,4
/give 91524 lv20 13003 501034 501234 501224,3 501204,4
/give 91554 lv20 13002 501064 501234 501224,3 501204,4
/give 91514 lv20 13002 501064 501234 501224,3 501204,4
/give 91534 lv20 13002 501064 501234 501224,3 501204,4

=> Tighnari (/give 15511 x1 lv90 r1)
/give 21544 lv20 13001 501244,2 501064 501224,5 501204
/give 21524 lv20 13003 501244,2 501064 501224,5 501204
/give 21554 lv20 13010 501064 501234 501224,6 501204
/give 21514 lv20 15014 501244,2 501064 501224,5 501204
/give 21534 lv20 13008 501244 501064 501234 501204,6

=> Nahida (/give 14511 x1 lv90 r1)
/give 20544 lv20 13001 501244,3 501234 501224 501204,4
/give 20524 lv20 13003 501244,3 501234 501224 501204,4
/give 20554 lv20 13010 501064 501234 501224,4 501204,3
/give 20514 lv20 13010 501064 501234 501224,4 501204,3
/give 20534 lv20 13010 501064 501234 501224,4 501204,3

=> Furina (/give 11513 x1 lv90 r1)
/give 32544 lv20 13001 501034,3 501234,2 501224 501204,3
/give 32524 lv20 13003 501034,3 501234,2 501224 501204,3
/give 32554 lv20 13002 501244 501234,4 501224 501204,3
/give 32514 lv20 13002 501244 501234,4 501224 501204,3
/give 32534 lv20 13008 501034,2 501234,3 501244 501204,3

=> Neuvillette (/give 14514 x1 lv90 r1)
/give 31544 lv20 13001 501034,3 501234 501224,3 501204,2
/give 31524 lv20 13003 501034,3 501234 501224,3 501204,2
/give 31554 lv20 13002 501244 501234 501224,4 501204,3
/give 31514 lv20 15011 501034,3 501234 501224,3 501204,2
/give 31534 lv20 13008 501034 501244 501234 501204,6

=> Yoimiya
/give 93544 lv20 13001 501064,2 501234 501224,4 501204,2
/give 93524 lv20 13003 501064,2 501234 501224,5 501204
/give 93554 lv20 13010 501064 501234 501224,3 501204,4
/give 93514 lv20 15008 501064,2 501234 501224,4 501204,2
/give 93534 lv20 13008 501064,2 501244 501234 501204,5

/give 93554 lv20 13004 501244 501234 501224,3 501204,4

/give 80544 lv20 13001 501064,2 501234 501224,4 501204,2
/give 80524 lv20 13003 501064,2 501234 501224,5 501204
/give 80554 lv20 13010 501064 501234 501224,3 501204,4
/give 80514 lv20 15008 501064,2 501234 501224,5 501204
/give 80534 lv20 13008 501064,2 501244 501234 501204,5

=> Yunjin
/give 95544 lv20 13001 501094,6 501234 501224 501204
/give 95524 lv20 13003 501094,6 501234 501224 501204
/give 95554 lv20 13006 501234 501064 501224,3 501204,4
/give 95514 lv20 13006 501234 501064 501224,3 501204,4
/give 95534 lv20 13006 501234 501064 501224,3 501204,4

=> Ayaka
/give 71544 lv20 13001 501234 501064 501224,5 501204,2
/give 71524 lv20 13003 501234 501064 501224,5 501204,2
/give 71554 lv20 13004 501234 501244 501224,5 501204,2
/give 71514 lv20 15010 501234 501064 501224,5 501204,2
/give 71534 lv20 13008 501234,3 501064,3 501244 501204,2

=> Shenhe
/give 93544 lv20 13001 501064,6 501234 501224 501204
/give 93524 lv20 13003 501064,6 501234 501224 501204
/give 97554 lv20 13004 501234,3 501244 501224 501204,4
/give 97514 lv20 13004 501234,3 501244 501224 501204,4
/give 97534 lv20 13004 501234,3 501244 501224 501204,4

/give 81544 lv20 13001 501064,6 501234 501224 501204
/give 81524 lv20 13003 501064,6 501234 501224 501204
/give 81554 lv20 13004 501234,3 501244 501224 501204,4
/give 81514 lv20 13004 501234,3 501244 501224 501204,4
/give 81534 lv20 13004 501234,3 501244 501224 501204,4

=> Kokomi
/give 91544 lv20 13001 501034,6 501234 501064 501224
/give 91524 lv20 13003 501034,6 501234 501064 501224
/give 91554 lv20 13002 501234,6 501064 501244 501224
/give 91514 lv20 13002 501234,6 501064 501244 501224
/give 91534 lv20 13009 501034,6 501234 501064 501224

=> Xiangling
/give 94544 lv20 13001 501234,2 501064 501224,4 501204,2
/give 94524 lv20 13003 501234,2 501064 501224,4 501204,2
/give 94554 lv20 10007 501244 501064,2 501224,4 501204,2
/give 94514 lv20 15008 501234,2 501064 501224,4 501204,2
/give 94534 lv20 13008 501234 501244 501064 501204,6

=> Rosaria
/give 81544 lv20 13001 501064 501234,2 501224,2 501204,3
/give 81524 lv20 13003 501064 501234,2 501224,2 501204,3
/give 71554 lv20 13004 501244 501234,2 501224,2 501204,3
/give 71514 lv20 15010 501064 501234,2 501224,2 501204,3
/give 71534 lv20 13007 501064 501244 501234,4 501224,3

=> Ninguangg
/give 88544 lv20 13001 501234 501064 501224,5 501204,2
/give 88524 lv20 13003 501234 501064 501224,5 501204,2
/give 97554 lv20 13004 501234 501244 501224,6 501204
/give 97514 lv20 15013 501234 501064,2 501224,5 501204
/give 97534 lv20 13008 501234 501064 501244 501204,6

=> Albedo
/give 95544 lv20 13001 501094,4 501234 501224,2 501204,2
/give 95524 lv20 13003 501094,4 501234 501224,2 501204,2
/give 95554 lv20 13006 501234 501064 501224,3 501204,4
/give 95514 lv20 13006 501234 501064 501224,3 501204,4
/give 95534 lv20 13006 501234 501064 501224,3 501204,4

=> Wanderer (/give 14512 x1 lv90 r1)
/give 27544 lv20 13001 501064 501234 501224,4 501204,3
/give 27524 lv20 13003 501064 501234 501224,4 501204,3
/give 27554 lv20 13004 501234 501244 501224,4 501204,3
/give 27514 lv20 15012 501064 501234 501224,4 501204,3
/give 27534 lv20 13008 501064 501234 501244 501204,6

=> Faruzan (/give 15401 x1 lv90 r5)
/give 91544 lv20 13001 501234,2 501064 501224,3 501204,3
/give 91524 lv20 13003 501234,2 501064 501224,3 501204,3
/give 91554 lv20 10007 501244 501064 501224,4 501204,3
/give 91514 lv20 15012 501234,2 501064 501224,3 501204,3
/give 91534 lv20 13008 501234,3 501064 501244 501204,4

=> Yanfei
/give 80544 lv20 13001 501244 501064 501224,3 501204,4
/give 80524 lv20 13003 501244 501064 501224,3 501204,4
/give 80554 lv20 13004 501234 501244 501224,3 501204,4
/give 80514 lv20 15008 501244 501064 501224,3 501204,4
/give 80534 lv20 13008 501234,3 501244 501064 501204,4

/give 80554 lv20 13010 501234 501064 501224,3 501204,4

=> Alhaitham
/give 21544 lv20 13001 501244 501064 501224,3 501204,4
/give 21524 lv20 13003 501244 501064 501224,3 501204,4
/give 21554 lv20 13010 501064 501234 501224,3 501204,4
/give 21514 lv20 15014 501244 501064 501224,3 501204,4
/give 21534 lv20 13008 501244 501064 501234,2 501204,5

=> Kuki Shinobu
/give 28544 lv20 13001 501244,3 501034,2 501224,2 501204,2
/give 28524 lv20 13003 501244,3 501034,2 501224,2 501204,2
/give 28554 lv20 13010 501034,4 501234 501224 501204,3
/give 28514 lv20 13010 501034,4 501234 501224 501204,3
/give 28534 lv20 13010 501034,4 501234 501224 501204,3

=> Eula
/give 92544 lv20 13001 501064 501234 501224,4 501204,3
/give 92524 lv20 13003 501064 501234 501224,4 501204,3
/give 92554 lv20 13004 501244 501234 501224,4 501204,3
/give 92514 lv20 15015 501064 501234 501224,4 501204,3
/give 92534 lv20 13008 501064 501234 501244 501204,6

=> Mika
/give 96544 lv20 13001 501034,4 501234 501224 501204,3
/give 96524 lv20 13003 501034,4 501234 501224 501204,3
/give 96554 lv20 10007 501034,4 501244 501224 501204,3
/give 96514 lv20 13002 501244 501234 501224,4 501204,3
/give 96534 lv20 13007 501034,4 501244 501234 501224,3

=> Keqing
/give 79544 lv20 13001 501244 501064 501224,3 501204,4
/give 79524 lv20 13003 501244 501064 501224,3 501204,4
/give 79554 lv20 13010 501064,2 501234 501224,2 501204,4
/give 79514 lv20 15009 501244 501064,2 501224,2 501204,4
/give 79534 lv20 13008 501244 501064,3 501234 501204,4

=> Sucrose
/give 76544 lv20 13001 501244,3 501234 501224 501204,4
/give 76524 lv20 13003 501244,3 501234 501224 501204,4
/give 76554 lv20 13010 501064 501234 501224,4 501204,3
/give 76514 lv20 13010 501064 501234 501224,4 501204,3
/give 76534 lv20 13010 501064 501234 501224,4 501204,3

=> Cyno
/give 79544 lv20 13001 501244,3 501064 501224,4 501204
/give 79524 lv20 13003 501244,3 501064 501224,4 501204
/give 79554 lv20 13010 501064,2 501234,2 501224,2 501204,2
/give 79514 lv20 15009 501244,3 501064,2 501224,2 501204,2
/give 79534 lv20 13008 501244,3 501064,3 501234 501204,2

=> Xianyun (/give 14515 x1 lv90 r1)
/give 76544 lv20 13001 501064,4 501234,3 501224 501204
/give 76524 lv20 13003 501064,4 501234,3 501224 501204
/give 76554 lv20 13004 501244 501234 501224 501204
/give 76514 lv20 13004 501244 501234 501224 501204
/give 76534 lv20 13009 501064,4 501234,3 501224 501204

/give 33544 lv20 13001 501064,3 501234 501224,3 501204,2
/give 33524 lv20 13003 501064,3 501234 501224,3 501204,2
/give 33554 lv20 13004 501234,2 501034 501224,3 501204,3
/give 33514 lv20 13004 501234,2 501034 501224,3 501204,3
/give 33534 lv20 13009 501064,3 501234 501224,3 501204,2

=> Xiao (/give 13505 x1 lv90 r1)
/give 97544 lv20 13001 501064 501234 501224,5 501204,2
/give 97524 lv20 13003 501064 501234 501224,5 501204,2
/give 97554 lv20 13004 501234 501034 501224,5 501204,2
/give 97514 lv20 15012 501064 501234 501224,5 501204,2
/give 97534 lv20 13008 501064,5 501234 501034 501204,2

=> Nilou
/give 91544 lv20 13001 501034,6 501024 501224 501204
/give 91524 lv20 13003 501034,6 501024 501224 501204
/give 91554 lv20 13002 501024 501244 501224,4 501204,3
/give 30514 lv20 13002 501024 501244 501224,4 501204,3
/give 30534 lv20 13002 501024 501244 501224,4 501204,3





