5
6
5
7
0
7
0
7
0
7
0
7
0
7
0
7
0
7
0
7
0
7
0
7
0
7
0
7
0
7
0
7
0
7
0
7
0
7
0
7
0
7
0
7
0
7
0
7
0
7
0
7
0
0
0
0
0
0
0
0
0
0
0
7
0
7
0
7
0
7
0
7
0
7
0
89
0
9
0
89
0
7
0
7
0
9
0
9
0
9
0
7
0
7
0
9
0
9
0
9
0
7
0
7
0
7
0
7
0
7
0
7
0
0
0
0
0
0
0
0
0
0
0
7
0
7
0
7
0
7
0
7
0
7
0
9
0
9
0
9
0
7
0
7
0
9
0
9
9
9
8
7
0
7
0
9
0
9
1
9
0
7
0
7
0
7
0
49
0
7
0
7
0
0
0
0
0
7
0
0
0
0
0
7
0
7
0
7
0
7
0
7
0
7
0
89
0
9
0
89
0
7
0
7
0
9
0
9
8
9
0
7
0
7
0
9
0
9
0
9
0
7
0
7
0
7
0
7
0
7
0
7
0
0
0
0
0
0
0
0
0
0
0
7
0
7
0
7
0
7
0
7
0
7
0
7
0
7
0
7
0
7
0
7
0
7
0
7
0
7
0
7
0
7
0
7
0
7
0
7
0
7
0
7
0
7
0
7
0
7
0
7
0
0
0
0
0
0
0
0
0
0
0
