5.3 God Artifacts
Made by cal (calciumcat)

All builds come from: https://keqingmains.com 
Artifacts made with: https://null-grasscutter-tools.vercel.app/#/artifact/index 

Anemo Traveler Support (Tested)
/give 76544 lv20 x1 15001 501034,2 501054,1 501234,2 501244,2
/give 76524 lv20 x1 15003 501034,3 501204,2 501234,1 501244,2
/give 76554 lv20 x1 50880 501034,2 501094,3 501234,2 501244,2
/give 76514 lv20 x1 50880 501204,2 501224,2 501234,2 501244,1
/give 76534 lv20 x1 50880 501054,3 501064,2 501234,2 501244,2

Anemo Traveler Quickswap DPS (Tested)
/give 76544 lv20 x1 15001 501034,2 501054,1 501234,2 501244,2
/give 76524 lv20 x1 15003 501034,3 501204,2 501234,1 501244,2
/give 76554 lv20 x1 50990 501034,2 501094,3 501234,2 501244,2
/give 76514 lv20 x1 50920 501204,2 501224,2 501234,2 501244,2
/give 76534 lv20 x1 30960 501054,3 501064,2 501234,2 501244,2

Sucrose Driver/Support (Tested)
/give 76544 lv20 x1 15001 501034,2 501054,1 501234,2 501244,2
/give 76524 lv20 x1 15003 501034,3 501204,2 501234,1 501244,2
/give 76554 lv20 x1 50880 501034,2 501094,3 501234,2 501244,2
/give 76514 lv20 x1 50880 501204,2 501224,2 501234,2 501244,2
/give 76534 lv20 x1 50880 501054,3 501064,2 501234,2 501244,2

Venti Reaction DPS (Tested)
/give 76544 lv20 x1 15001 501034,2 501054,1 501234,2 501244,2
/give 76524 lv20 x1 15003 501034,3 501204,2 501234,1 501244,1
/give 76554 lv20 x1 50880 501034,2 501094,3 501234,2 501244,2
/give 76514 lv20 x1 50880 501204,2 501224,2 501234,2 501244,2
/give 76534 lv20 x1 50880 501054,3 501064,2 501234,2 501244,2

Venti Anemo DPS (Tested)
/give 76544 lv20 x1 15001 501034,2 501054,1 501234,2 501244,2
/give 76524 lv20 x1 15003 501034,3 501204,2 501234,1 501244,2
/give 76554 lv20 x1 50990 501034,2 501224,4 501234,2 501244,2
/give 76514 lv20 x1 50920 501064,1 501204,2 501224,2 501234,2
/give 76534 lv20 x1 30960 501034,1 501054,1 501064,1 501224,3

Jean Support (Healer) (Tested)
/give 76544 lv20 x1 15001 501034,2 501054,1 501234,2 501244,2
/give 76524 lv20 x1 15003 501034,3 501204,2 501234,1 501244,2
/give 76554 lv20 x1 50990 501034,2 501224,4 501234,2 501244,2
/give 76514 lv20 x1 50920 501064,1 501204,2 501224,2 501234,2
/give 76534 lv20 x1 30960 501034,1 501054,1 501064,1 501224,3

Xiao Anemo Hypercarry DPS (Tested)
/give 97544 lv20 x1 15001 501034,2 501054,1 501234,2 501244,2
/give 97524 lv20 x1 15003 501034,3 501204,2 501234,1 501244,2
/give 97554 lv20 x1 50990 501034,2 501224,4 501234,2 501244,2
/give 97514 lv20 x1 50920 501064,1 501204,2 501224,2 501234,2
/give 97534 lv20 x1 30960 501034,1 501054,1 501064,1 501224,3

Kazuha Support (Tested)
/give 76544 lv20 x1 15001 501034,2 501054,1 501234,2 501244,2
/give 76524 lv20 x1 15003 501034,3 501204,2 501234,1 501244,2
/give 76554 lv20 x1 50880 501034,2 501094,3 501234,2 501244,2
/give 76514 lv20 x1 50880 501204,2 501224,2 501234,2 501244,2
/give 76534 lv20 x1 50880 501054,3 501064,2 501234,2 501244,2

Sayu Healer (Under C6) (Tested)
/give 76544 lv20 x1 15001 501034,2 501054,1 501234,2 501244,2
/give 76524 lv20 x1 15003 501034,3 501204,2 501234,1 501244,2
/give 76554 lv20 x1 50990 501034,2 501224,4 501234,2 501244,2
/give 76514 lv20 x1 50990 501064,1 501204,2 501224,2 501234,2
/give 76534 lv20 x1 50990 501034,1 501054,1 501064,1 501224,3

Sayu Healer (C6) (Tested)
/give 76544 lv20 x1 15001 501034,2 501054,1 501234,2 501244,2
/give 76524 lv20 x1 15003 501034,3 501204,2 501234,1 501244,2
/give 76554 lv20 x1 50880 501034,2 501094,3 501234,2 501244,2
/give 76514 lv20 x1 50880 501204,2 501224,2 501234,2 501244,1
/give 76534 lv20 x1 50880 501054,3 501064,2 501234,2 501244,2

Sayu Support (Tested)
/give 76544 lv20 x1 15001 501034,2 501054,1 501234,2 501244,2
/give 76524 lv20 x1 15003 501034,3 501204,2 501234,1 501244,2
/give 76554 lv20 x1 50990 501034,2 501094,3 501234,2 501244,2
/give 76514 lv20 x1 50920 501204,2 501224,2 501234,2 501244,2
/give 76534 lv20 x1 30960 501054,3 501064,2 501234,2 501244,2

Heizou On-field Driver (Tested)
/give 76544 lv20 x1 15001 501034,2 501054,1 501234,2 501244,2
/give 76524 lv20 x1 15003 501034,3 501204,2 501234,1 501244,2
/give 76554 lv20 x1 50880 501034,2 501094,3 501234,2 501244,2
/give 76514 lv20 x1 50880 501204,2 501224,2 501234,2 501244,1
/give 76534 lv20 x1 50880 501054,3 501064,2 501234,2 501244,2

Heizou Quickswap Support (Tested)
/give 76544 lv20 x1 15001 501034,2 501054,1 501234,2 501244,2
/give 76524 lv20 x1 15003 501034,3 501204,2 501234,1 501244,2
/give 76554 lv20 x1 50990 501034,2 501094,3 501234,2 501244,2
/give 76514 lv20 x1 50920 501204,2 501224,2 501234,2 501244,2
/give 76534 lv20 x1 30960 501054,3 501064,2 501234,2 501244,2

Faruzan Anemo Buffer (Pre-C6) (Tested)
/give 81544 lv20 x1 15001 501034,2 501054,1 501234,2 501244,2
/give 81524 lv20 x1 15003 501034,3 501204,2 501234,1 501244,2
/give 81554 lv20 x1 10960 501034,2 501224,4 501234,2 501244,2
/give 81514 lv20 x1 50880 501064,1 501204,2 501224,2 501234,2
/give 81534 lv20 x1 30960 501034,1 501054,1 501064,1 501224,3

Faruzan Anemo Buffer (C6) (Tested)
/give 91544 lv20 x1 15001 501034,2 501054,1 501234,2 501244,2
/give 91524 lv20 x1 15003 501034,3 501204,2 501234,1 501244,2
/give 91554 lv20 x1 50990 501034,2 501224,4 501234,2 501244,2
/give 91514 lv20 x1 50920 501064,1 501204,2 501224,2 501234,2
/give 91534 lv20 x1 30960 501034,1 501054,1 501064,1 501224,3

Wanderer On-field Anemo DPS (Tested)
/give 27544 lv20 x1 15001 501034,2 501054,1 501224,1 501234,2
/give 27524 lv20 x1 15003 501034,3 501204,5 501234,1 501244,2
/give 27554 lv20 x1 50990 501034,2 501204,2 501224,4 501234,2
/give 27514 lv20 x1 50920 501064,1 501204,2 501224,2 501234,2
/give 27534 lv20 x1 30960 501034,1 501054,1 501064,1 501224,3

Lynette Support (Tested)
/give 76544 lv20 x1 15001 501034,2 501054,1 501234,2 501244,2
/give 76524 lv20 x1 15003 501034,3 501204,2 501234,1 501244,2
/give 76554 lv20 x1 50880 501034,2 501094,3 501234,2 501244,2
/give 76514 lv20 x1 50880 501204,2 501224,2 501234,2 501244,1
/give 76534 lv20 x1 50880 501054,3 501064,2 501234,2 501244,2

Lynette Damage Dealer (Tested)
/give 76544 lv20 x1 15001 501034,2 501054,1 501234,2 501244,2
/give 76524 lv20 x1 15003 501034,3 501204,2 501234,1 501244,2
/give 76554 lv20 x1 50990 501034,2 501094,3 501234,2 501244,2
/give 76514 lv20 x1 50920 501204,2 501224,2 501234,2 501244,2
/give 76534 lv20 x1 30960 501054,3 501064,2 501234,2 501244,2

Xianyun Off-Field Plunging Attack Support (Tested)
/give 76544 lv20 x1 15001 501034,2 501054,1 501234,2 501244,2
/give 76524 lv20 x1 15003 501034,3 501204,2 501234,1 501244,2
/give 76554 lv20 x1 50990 501034,2 501224,4 501234,2 501244,2
/give 76514 lv20 x1 50990 501064,1 501204,2 501224,2 501234,2
/give 76534 lv20 x1 50990 501034,1 501054,1 501064,1 501224,3

Chasca On-Field DPS (NOT TESTED)
/give 38543 lv20 x1 15001 501064,1 501204,2 501224,3 501244,3
/give 38523 lv20 x1 15003 501024,2 501054,3 501084,2 501234,2
/give 38553 lv20 x1 50990 501034,3 501064,2 501094,2 501244,2
/give 38513 lv20 x1 50990 501054,2 501204,2 501224,2 501244,3
/give 38533 lv20 x1 30960 501024,2 501034,1 501234,2 501244,4

Lan Yan (Coming Soon)

Mizuki (Coming Soon)

Geo Traveler DPS (Tested) 
/give 88544 lv20 x1 15001 501064,2 501204,2 501234,3 501244,2
/give 88524 lv20 x1 15003 501054,1 501064,2 501204,4 501224,2
/give 88554 lv20 x1 50990 501064,2 501094,2 501204,3 501224,2
/give 81514 lv20 x1 50910 501064,2 501094,2 501204,4 501234,1
/give 81534 lv20 x1 30950 501034,1 501064,3 501204,3 501244,2

Noelle On-Field DPS (C6) (Tested)
/give 95544 lv20 x1 15001 501064,2 501094,1 501204,2 501234,3
/give 95524 lv20 x1 15003 501054,1 501064,2 501204,4 501224,2
/give 95554 lv20 x1 50970 501064,2 501094,2 501204,3 501224,2
/give 95514 lv20 x1 50910 501064,2 501094,2 501204,4 501234,1
/give 95534 lv20 x1 30950 501034,1 501064,3 501094,2 501204,3 501244,2

Noelle On-Field DPS (Pre-C6) (Tested)
/give 95544 lv20 x1 15001 501064,2 501094,1 501204,2 501234,3
/give 95524 lv20 x1 15003 501054,1 501064,2 501204,4 501224,2
/give 95554 lv20 x1 50990 501064,2 501094,2 501204,3 501224,2
/give 95514 lv20 x1 50910 501064,2 501094,2 501204,4 501234,1
/give 95534 lv20 x1 30950 501034,1 501064,3 501094,2 501204,3 501244,2

Ningguang On-Field Damage Dealer (Tested)
/give 88544 lv20 x1 15001 501054,1 501064,2 501204,2 501234,3
/give 88524 lv20 x1 15003 501054,1 501064,2 501204,4 501224,2
/give 88554 lv20 x1 50990 501064,2 501204,3 501224,2 501234,1
/give 88514 lv20 x1 50910 501064,2 501094,2 501204,4 501234,1
/give 88534 lv20 x1 30950 501034,1 501064,3 501094,2 501204,3 501234,1

Zhongli Shieldbot (Tested)
/give 91544 lv20 x1 15001 501034,1 501204,4 501224,2 501234,2
/give 91524 lv20 x1 15003 501024,2 501034,2 501094,2 501204,3
/give 91554 lv20 x1 50980 501034,2 501204,2 501224,4 501244,1
/give 30513 lv20 x1 50980 501024,2 501034,2 501064,2 501224,4
/give 30533 lv20 x1 50980 501024,3 501034,3 501064,1 501204,2

Albedo Off-Field DPS (Tested)
/give 95544 lv20 x1 15001 501064,2 501094,1 501204,2 501234,3
/give 95524 lv20 x1 15003 501054,1 501064,2 501204,4 501224,2
/give 95554 lv20 x1 50970 501064,2 501094,2 501204,3 501224,2
/give 95514 lv20 x1 50910 501064,2 501094,2 501204,4 501234,1
/give 95534 lv20 x1 30950 501034,1 501064,3 501094,2 501204,3 501244,2

Gorou Support (Tested)
/give 81544 lv20 x1 15001 501094,2 501204,1 501224,3 501234,3
/give 81524 lv20 x1 15003 501064,2 501094,2 501224,3 501234,2
/give 81554 lv20 x1 10960 501034,1 501204,1 501224,3 501234,4
/give 81514 lv20 x1 50910 501064,2 501094,3 501224,1 501234,3
/give 81534 lv20 x1 30960 501064,2 501224,3 501234,3 501244,1

Arataki Itto On-Field Geo DPS (Tested)
/give 95544 lv20 x1 15001 501064,2 501094,1 501204,2 501234,3
/give 95524 lv20 x1 15003 501054,1 501064,2 501204,4 501224,2
/give 95554 lv20 x1 50970 501064,2 501094,2 501204,3 501224,2
/give 95514 lv20 x1 50910 501064,2 501094,2 501204,4 501234,1
/give 95534 lv20 x1 30950 501034,1 501064,3 501094,2 501204,3 501244,2

Yun Jin Physical Attack Buffer (Tested)
/give 95544 lv20 x1 15001 501094,1 501204,3 501224,3 501234,2
/give 95524 lv20 x1 15003 501054,1 501084,1 501094,3 501234,4
/give 95554 lv20 x1 50970 501064,1 501094,1 501204,3 501234,4
/give 95514 lv20 x1 50970 501054,1 501094,2 501224,4 501234,2
/give 95534 lv20 x1 50970 501094,2 501204,2 501224,2 501234,3

Navia On-Field DPS (Tested)
/give 34543 lv20 x1 15001 501054,1 501064,2 501204,2 501234,3
/give 34523 lv20 x1 15003 501054,1 501064,2 501204,4 501224,2
/give 34553 lv20 x1 50990 501064,2 501204,3 501224,2 501234,1
/give 34513 lv20 x1 50910 501064,2 501094,2 501204,4 501234,1
/give 34533 lv20 x1 30950 501034,1 501064,3 501094,2 501204,3 501234,1

Chiori Off-Field Geo DPS (Tested)
/give 32543 lv20 x1 15001 501064,2 501094,1 501204,2 501234,3
/give 32523 lv20 x1 15003 501054,1 501064,2 501204,4 501224,2
/give 32553 lv20 x1 50970 501064,2 501094,2 501204,3 501224,2
/give 32513 lv20 x1 50910 501064,2 501094,2 501204,4 501234,1
/give 32533 lv20 x1 30950 501034,1 501064,3 501094,2 501204,3 501244,2

Kachina Off-Field DPS (Tested)
/give 37543 lv20 x1 15001 501064,2 501094,1 501204,2 501234,3
/give 37523 lv20 x1 15003 501054,1 501064,2 501204,4 501224,2
/give 37553 lv20 x1 50970 501064,2 501094,2 501204,3 501224,2
/give 37513 lv20 x1 50910 501064,2 501094,2 501204,4 501234,1
/give 37533 lv20 x1 30950 501034,1 501064,3 501094,2 501204,3 501244,2

Xilonen Healer/Support (NOT TESTED)
/give 37543 lv20 x1 15001 501064,2 501204,3 501224,2 501244,2
/give 37523 lv20 x1 15003 501024,2 501034,2 501064,2 501094,3
/give 37553 lv20 x1 50970 501034,2 501064,2 501094,3 501204,2
/give 37513 lv20 x1 50970 501024,1 501054,1 501084,3 501234,4
/give 37533 lv20 x1 50970 501094,3 501224,1 501234,3 501244,2

Electro Traveler Battery (Tested)
/give 94544 lv20 x1 15001 501034,2 501204,2 501234,2 501244,3
/give 94524 lv20 x1 15003 501064,1 501224,3 501234,3 501244,2
/give 94554 lv20 x1 10960 501034,3 501204,2 501234,2 501244,2
/give 94514 lv20 x1 50880 501064,2 501224,3 501234,3 501244,1
/give 94534 lv20 x1 30960 501094,2 501204,4 501234,2 501244,1

Razor Physical DPS (Tested)
/give 92544 lv20 x1 15001 501064,3 501204,2 501234,2 501244,2
/give 92524 lv20 x1 15003 501064,1 501204,3 501224,3 501244,2
/give 92554 lv20 x1 50990 501024,1 501034,3 501204,3 501234,2
/give 92514 lv20 x1 50890 501204,2 501224,3 501234,2 501244,2
/give 92534 lv20 x1 30950 501064,1 501204,4 501234,2 501244,2

Razor Aggravate DPS (Tested)
/give 79544 lv20 x1 15001 501064,3 501204,2 501234,2 501244,2
/give 79524 lv20 x1 15003 501064,1 501204,3 501224,3 501244,2
/give 79554 lv20 x1 50880 501024,1 501034,3 501204,3 501234,2
/give 79514 lv20 x1 50950 501204,2 501224,3 501234,2 501244,2
/give 79534 lv20 x1 30950 501064,1 501204,4 501234,2 501244,2

Lisa Off-Field Electro DPS (Tested)
/give 94544 lv20 x1 15001 501064,3 501224,2 501234,2 501244,2
/give 94524 lv20 x1 15003 501064,1 501204,3 501224,3 501244,2
/give 94554 lv20 x1 10960 501024,1 501034,3 501224,3 501234,2
/give 94514 lv20 x1 50950 501204,2 501224,3 501234,2 501244,2
/give 94534 lv20 x1 30960 501064,1 501224,2 501234,2 501244,2

Fischl Off-Field DPS (Tested)
/give 32543 lv20 x1 15001 501064,3 501224,2 501234,2 501244,2
/give 32523 lv20 x1 15003 501064,1 501204,3 501224,3 501244,2
/give 32553 lv20 x1 50990 501024,1 501034,3 501224,3 501234,2
/give 32513 lv20 x1 50950 501204,2 501224,3 501234,2 501244,2
/give 32533 lv20 x1 30960 501064,1 501224,2 501234,2 501244,2

Beidou Off-Field DPS (Tested)
/give 94544 lv20 x1 15001 501064,3 501224,2 501234,2 501244,2
/give 94524 lv20 x1 15003 501064,1 501204,3 501224,3 501244,2
/give 94554 lv20 x1 50990 501024,1 501034,3 501224,3 501234,2
/give 94514 lv20 x1 50950 501204,2 501224,3 501234,2 501244,2
/give 94534 lv20 x1 30960 501064,1 501224,2 501234,2 501244,2

Keqing Aggravate DPS (Tested)
/give 79544 lv20 x1 15001 501064,3 501224,2 501234,2 501244,2
/give 79524 lv20 x1 15003 501064,1 501204,3 501224,3 501244,2
/give 79554 lv20 x1 50990 501024,1 501034,3 501224,3 501234,2
/give 79514 lv20 x1 50950 501204,2 501224,3 501234,2 501244,2
/give 79534 lv20 x1 30960 501064,1 501224,2 501234,2 501244,2

Kujou Sara Off-Field Support & DPS (Tested)
/give 94544 lv20 x1 15001 501064,3 501224,2 501234,2 501244,2
/give 94524 lv20 x1 15003 501064,1 501204,3 501224,3 501244,2
/give 94554 lv20 x1 50990 501024,1 501034,3 501224,3 501234,2
/give 94514 lv20 x1 50950 501204,2 501224,3 501234,2 501244,2
/give 94534 lv20 x1 30960 501064,1 501224,2 501234,2 501244,2

Raiden Shogun Burst DPS (Tested)
/give 94544 lv20 x1 15001 501064,3 501224,2 501234,2 501244,2
/give 94524 lv20 x1 15003 501064,1 501204,3 501224,3 501244,2
/give 94554 lv20 x1 50990 501024,1 501034,3 501224,3 501234,2
/give 94514 lv20 x1 50950 501204,2 501224,3 501234,2 501244,2
/give 94534 lv20 x1 30960 501064,1 501224,2 501234,2 501244,2

Raiden Shogun Hyperbloom Trigger (Tested)
/give 28544 lv20 x1 15001 501064,3 501224,2 501234,2 501244,2
/give 28524 lv20 x1 15003 501064,1 501204,3 501224,3 501244,2
/give 28554 lv20 x1 50880 501024,1 501034,3 501224,3 501234,2
/give 28514 lv20 x1 50880 501204,2 501224,3 501234,2 501244,2
/give 28534 lv20 x1 50880 501064,1 501224,2 501234,2 501244,2

Yae Miko Non-Aggravate DPS (Tested)
/give 94544 lv20 x1 15001 501064,3 501224,2 501234,2 501244,2
/give 94524 lv20 x1 15003 501064,1 501204,3 501224,3 501244,2
/give 94554 lv20 x1 50990 501024,1 501034,3 501224,3 501234,2
/give 94514 lv20 x1 50950 501204,2 501224,3 501234,2 501244,2
/give 94534 lv20 x1 30960 501064,1 501224,2 501234,2 501244,2

Yae Miko Aggravate DPS (Tested)
/give 32543 lv20 x1 15001 501064,3 501224,2 501234,2 501244,2
/give 32523 lv20 x1 15003 501064,1 501204,3 501224,3 501244,2
/give 32553 lv20 x1 50990 501024,1 501034,3 501224,3 501234,2
/give 32513 lv20 x1 50950 501204,2 501224,3 501234,2 501244,2
/give 32533 lv20 x1 30960 501064,1 501224,2 501234,2 501244,2

Kuki Shinobu Hyperbloom DPS (Tested)
/give 28544 lv20 x1 15001 501064,3 501224,2 501234,2 501244,2
/give 28524 lv20 x1 15003 501064,1 501204,3 501224,3 501244,2
/give 28554 lv20 x1 50880 501024,1 501034,3 501224,3 501234,2
/give 28514 lv20 x1 50880 501204,2 501224,3 501234,2 501244,2
/give 28534 lv20 x1 50880 501064,1 501224,2 501234,2 501244,2

Dori Pure Healer/Support (Tested)
/give 23634 lv20 x1 15001 501064,3 501224,2 501234,2 501244,2
/give 23632 lv20 x1 15003 501064,1 501204,3 501224,3 501244,2
/give 23635 lv20 x1 50880 501024,1 501034,3 501224,3 501234,2
/give 23631 lv20 x1 50880 501204,2 501224,3 501234,2 501244,2
/give 23633 lv20 x1 30960 501064,1 501224,2 501234,2 501244,2

Cyno On-Field DPS/Driver (Tested)
/give 79544 lv20 x1 15001 501064,3 501224,2 501234,2 501244,2
/give 79524 lv20 x1 15003 501064,1 501204,3 501224,3 501244,2
/give 79554 lv20 x1 50880 501024,1 501034,3 501224,3 501234,2
/give 79514 lv20 x1 50950 501204,2 501224,3 501234,2 501244,2
/give 79534 lv20 x1 30960 501064,1 501224,2 501234,2 501244,2

Sethos Normal Attack DPS (Tested)
/give 77544 lv20 x1 15001 501064,3 501224,2 501234,2 501244,2
/give 77524 lv20 x1 15003 501064,1 501204,3 501224,3 501244,2
/give 77554 lv20 x1 50880 501024,1 501034,3 501224,3 501234,2
/give 77514 lv20 x1 50950 501204,2 501224,3 501234,2 501244,2
/give 77534 lv20 x1 30960 501064,1 501224,2 501234,2 501244,2

Clorinde On-Field DPS (Tested)
/give 35543 lv20 x1 15001 501064,3 501224,2 501234,2 501244,2
/give 35523 lv20 x1 15003 501064,1 501204,3 501224,3 501244,2
/give 35553 lv20 x1 50880 501024,1 501034,3 501224,3 501234,2
/give 35513 lv20 x1 50950 501204,2 501224,3 501234,2 501244,2
/give 35533 lv20 x1 30960 501064,1 501224,2 501234,2 501244,2

Ororon Off-Field DPS/Support (NOT TESTED)
/give 37543 lv20 x1 15001 501064,1 501204,2 501224,3 501244,3
/give 37523 lv20 x1 15003 501024,2 501054,3 501084,2 501234,2
/give 37553 lv20 x1 50990 501034,3 501064,2 501094,2 501244,2
/give 37513 lv20 x1 50950 501054,2 501204,2 501224,2 501244,3
/give 37533 lv20 x1 30960 501024,2 501034,1 501234,2 501244,4

Dendro Traveler Off-Field Enabler (Tested)
/give 23624 lv20 x1 15001 501064,3 501224,2 501234,2 501244,3
/give 23622 lv20 x1 15003 501064,1 501204,3 501224,3 501244,3
/give 23625 lv20 x1 10960 501034,3 501224,3 501234,2 501244,3
/give 23621 lv20 x1 50900 501204,2 501224,3 501234,2 501244,3
/give 23623 lv20 x1 30960 501064,1 501224,2 501234,2 501244,4

Collei Off-Field Support (Tested)
/give 23624 lv20 x1 15001 501064,3 501224,2 501234,2 501244,3
/give 23622 lv20 x1 15003 501064,1 501204,3 501224,3 501244,3
/give 23625 lv20 x1 10960 501034,3 501224,3 501234,2 501244,3
/give 23621 lv20 x1 50900 501204,2 501224,3 501234,2 501244,3
/give 23623 lv20 x1 30960 501064,1 501224,2 501234,2 501244,4

Tighnari Quickswap DPS (Tested)
/give 23624 lv20 x1 15001 501064,3 501224,2 501234,2 501244,3
/give 23622 lv20 x1 15003 501064,1 501204,3 501224,3 501244,3
/give 23625 lv20 x1 50880 501034,3 501224,3 501234,2 501244,3
/give 23621 lv20 x1 50900 501204,2 501224,3 501234,2 501244,3
/give 23623 lv20 x1 30960 501064,1 501224,2 501234,2 501244,4

Nahida Support (Tested)
/give 23624 lv20 x1 15001 501064,3 501224,2 501234,2 501244,3
/give 23622 lv20 x1 15003 501064,1 501204,3 501224,3 501244,3
/give 23625 lv20 x1 50880 501034,3 501224,3 501234,2 501244,3
/give 23621 lv20 x1 50880 501204,2 501224,3 501234,2 501244,3
/give 23623 lv20 x1 50880 501064,1 501224,2 501234,2 501244,4

Yaoyao Pure Healer (Tested)
/give 23624 lv20 x1 15001 501064,3 501224,2 501234,2 501244,3
/give 23622 lv20 x1 15003 501064,1 501204,3 501224,3 501244,3
/give 23625 lv20 x1 50980 501034,3 501224,3 501234,2 501244,3
/give 23621 lv20 x1 50980 501204,2 501224,3 501234,2 501244,3
/give 23623 lv20 x1 50980 501064,1 501224,2 501234,2 501244,4

Alhaitham On-Field DPS (Tested)
/give 23634 lv20 x1 15001 501064,3 501224,2 501234,2 501244,3
/give 23632 lv20 x1 15003 501064,1 501204,3 501224,3 501244,3
/give 23635 lv20 x1 50880 501034,3 501224,3 501234,2 501244,3
/give 23631 lv20 x1 50900 501204,2 501224,3 501234,2 501244,3
/give 23633 lv20 x1 30950 501064,1 501224,2 501234,2 501244,4

Kaveh On-Field Driver (Tested)
/give 23624 lv20 x1 15001 501064,3 501224,2 501234,2 501244,3
/give 23622 lv20 x1 15003 501064,1 501204,3 501224,3 501244,3
/give 23625 lv20 x1 50880 501034,3 501224,3 501234,2 501244,3
/give 23621 lv20 x1 50880 501204,2 501224,3 501234,2 501244,3
/give 23623 lv20 x1 50880 501064,1 501224,2 501234,2 501244,4

Baizhu Pure Healer (Tested)
/give 23624 lv20 x1 15001 501064,3 501224,2 501234,2 501244,3
/give 23622 lv20 x1 15003 501064,1 501204,3 501224,3 501244,3
/give 23625 lv20 x1 50980 501034,3 501224,3 501234,2 501244,3
/give 23621 lv20 x1 50980 501204,2 501224,3 501234,2 501244,3
/give 23623 lv20 x1 50980 501064,1 501224,2 501234,2 501244,4

Kirara Off-Field Shielder (Tested)
/give 91544 lv20 x1 15001 501034,1 501204,4 501224,2 501234,2
/give 91524 lv20 x1 15003 501024,2 501034,2 501094,2 501204,3
/give 91554 lv20 x1 50980 501034,2 501204,2 501224,4 501244,1
/give 30513 lv20 x1 50980 501024,2 501034,2 501064,2 501224,4
/give 30533 lv20 x1 50980 501024,3 501034,3 501064,1 501204,2

Emilie Off-Field DPS (Tested)
/give 36543 lv20 x1 15001 501064,3 501224,2 501234,2 501244,3
/give 36523 lv20 x1 15003 501064,1 501204,3 501224,3 501244,3
/give 36553 lv20 x1 50880 501034,3 501224,3 501234,2 501244,3
/give 36513 lv20 x1 50900 501204,2 501224,3 501234,2 501244,3
/give 36533 lv20 x1 30950 501064,1 501224,2 501234,2 501244,4

Kinich On-Field DPS (Tested)
/give 38543 lv20 x1 15001 501064,3 501224,2 501234,2 501244,3
/give 38523 lv20 x1 15003 501064,1 501204,3 501224,3 501244,3
/give 38553 lv20 x1 50880 501034,3 501224,3 501234,2 501244,3
/give 38513 lv20 x1 50900 501204,2 501224,3 501234,2 501244,3
/give 38533 lv20 x1 30950 501064,1 501224,2 501234,2 501244,4

Hydro Traveler Off-Field DPS (Tested)
/give 31543 lv20 x1 15001 501064,2 501094,2 501204,3 501234,2
/give 31523 lv20 x1 15003 501064,1 501204,2 501234,3 501244,3
/give 31553 lv20 x1 50990 501054,2 501064,1 501204,4 501244,2
/give 31513 lv20 x1 50930 501054,1 501204,3 501224,3 501234,2
/give 31533 lv20 x1 30950 501054,1 501064,2 501204,3 501234,2 501244,2

Xingqiu Off-Field DPS (Tested)
/give 94544 lv20 x1 15001 501064,2 501094,2 501204,3 501234,2
/give 94524 lv20 x1 15003 501064,1 501204,2 501234,3 501244,3
/give 94554 lv20 x1 50990 501054,2 501064,1 501204,4 501244,2
/give 94514 lv20 x1 50930 501054,1 501204,3 501224,3 501234,2
/give 94534 lv20 x1 30950 501054,1 501064,2 501204,3 501234,2 501244,2

Barbara Pure Healer (Tested)
/give 74544 lv20 x1 15001 501024,3 501034,2 501064,1 501234,3
/give 74524 lv20 x1 15003 501034,3 501054,2 501064,3 501204,1
/give 74554 lv20 x1 50980 501064,1 501204,3 501224,3 501244,2
/give 74514 lv20 x1 50980 501024,2 501034,2 501064,3 501094,2
/give 74534 lv20 x1 30940 501024,2 501034,3 501224,2 501234,2

Mona Support/DPS (Tested)
/give 81544 lv20 x1 15001 501064,2 501204,2 501224,2 501234,3
/give 81524 lv20 x1 15003 501064,2 501204,2 501224,3 501244,2
/give 81554 lv20 x1 10960 501064,2 501204,3 501234,2 501244,2
/give 81514 lv20 x1 50930 501034,2 501064,2 501204,3 501244,2
/give 81534 lv20 x1 30950 501034,1 501064,2 501204,3 501234,3

Tartaglia On-Field DPS (Tested)
/give 29543 lv20 x1 15001 501064,2 501204,2 501224,2 501234,3
/give 29523 lv20 x1 15003 501064,2 501204,2 501224,3 501244,2
/give 29553 lv20 x1 50990 501064,2 501204,3 501234,2 501244,2
/give 29513 lv20 x1 50930 501034,2 501064,2 501204,3 501244,2
/give 29533 lv20 x1 30950 501034,1 501064,2 501204,3 501234,3

Sangonomiya Kokomi Pure Healer (Tested)
/give 96544 lv20 x1 15001 501034,3 501204,2 501224,2 501234,3
/give 96524 lv20 x1 15003 501034,3 501204,2 501224,3 501244,2
/give 96554 lv20 x1 50980 501064,2 501204,3 501234,2 501244,2
/give 96514 lv20 x1 50930 501034,4 501064,2 501204,3 501244,2
/give 96534 lv20 x1 50980 501034,4 501064,2 501204,3 501234,3

Kamisato Ayato On-Field DPS (Tested)
/give 90544 lv20 x1 15001 501034,3 501204,2 501224,2 501234,3
/give 90524 lv20 x1 15003 501034,3 501204,2 501224,3 501244,2
/give 90554 lv20 x1 50990 501064,2 501204,3 501234,2 501244,2
/give 90514 lv20 x1 50930 501034,4 501064,2 501204,3 501244,2
/give 90534 lv20 x1 30950 501034,4 501064,2 501204,3 501234,3

Yelan Off-Field DPS (Tested)
/give 94544 lv20 x1 15001 501034,3 501204,2 501224,2 501234,3
/give 94524 lv20 x1 15003 501034,3 501204,2 501224,3 501244,2
/give 94554 lv20 x1 50980 501064,2 501204,3 501234,2 501244,2
/give 94514 lv20 x1 50930 501034,4 501064,2 501204,3 501244,2
/give 94534 lv20 x1 30950 501034,4 501064,2 501204,3 501234,3

Candace On-Field DPS (Tested)
/give 29543 lv20 x1 15001 501064,2 501204,2 501224,2 501234,3
/give 29523 lv20 x1 15003 501064,2 501204,2 501224,3 501244,2
/give 29553 lv20 x1 50990 501064,2 501204,3 501234,2 501244,2
/give 29513 lv20 x1 50930 501034,2 501064,2 501204,3 501244,2
/give 29533 lv20 x1 30950 501034,1 501064,2 501204,3 501234,3

Nilou Off-Field Bloom Support (Tested)
/give 91544 lv20 x1 15001 501034,1 501204,4 501224,2 501234,2
/give 91524 lv20 x1 15003 501024,2 501034,2 501094,2 501204,3
/give 91554 lv20 x1 50980 501034,2 501204,2 501224,4 501244,1
/give 30513 lv20 x1 50980 501024,2 501034,2 501064,2 501224,4
/give 30533 lv20 x1 50980 501024,3 501034,3 501064,1 501204,2

Neuvillette On-Field DPS (Tested)
/give 31543 lv20 x1 15001 501034,3 501204,2 501224,2 501234,3
/give 31523 lv20 x1 15003 501034,3 501204,2 501224,3 501244,2
/give 31553 lv20 x1 50980 501064,2 501204,3 501234,2 501244,2
/give 31513 lv20 x1 50930 501034,4 501064,2 501204,3 501244,2
/give 31533 lv20 x1 30950 501034,4 501064,2 501204,3 501234,3

Furina Off-Field DPS & Buffer (Tested)
/give 32543 lv20 x1 15001 501034,3 501204,2 501224,2 501234,3
/give 32523 lv20 x1 15003 501034,3 501204,2 501224,3 501244,2
/give 32553 lv20 x1 50980 501064,2 501204,3 501234,2 501244,2
/give 32513 lv20 x1 50980 501034,4 501064,2 501204,3 501244,2
/give 32533 lv20 x1 30950 501034,4 501064,2 501204,3 501234,3

Sigewinne Pure Healer (Tested)
/give 96544 lv20 x1 15001 501034,3 501204,2 501224,2 501234,3
/give 96524 lv20 x1 15003 501034,3 501204,2 501224,3 501244,2
/give 96554 lv20 x1 50980 501064,2 501204,3 501234,2 501244,2
/give 96514 lv20 x1 50930 501034,4 501064,2 501204,3 501244,2
/give 96534 lv20 x1 50980 501034,4 501064,2 501204,3 501234,3

Mualani On-Field DPS (Tested)
/give 38543 lv20 x1 15001 501034,3 501204,2 501224,2 501234,3
/give 38523 lv20 x1 15003 501034,3 501204,2 501224,3 501244,2
/give 38553 lv20 x1 50980 501064,2 501204,3 501234,2 501244,2
/give 38513 lv20 x1 50930 501034,4 501064,2 501204,3 501244,2
/give 38533 lv20 x1 30950 501034,4 501064,2 501204,3 501234,3

Xiangling Off-Field Pyro DPS (Tested)
/give 94544 lv20 x1 15001 501034,1 501064,2 501204,5 501244,2
/give 94524 lv20 x1 15003 501024,2 501094,2 501224,3 501234,2
/give 94554 lv20 x1 50880 501064,2 501204,3 501234,2 501244,2
/give 94514 lv20 x1 50960 501064,2 501204,4 501234,2 501244,2
/give 94534 lv20 x1 30950 501034,2 501064,3 501094,1 501204,3

Bennett Off-Field Support (Tested)
/give 81544 lv20 x1 15001 501034,1 501064,2 501204,4 501244,2
/give 81524 lv20 x1 15003 501024,2 501094,2 501224,3 501234,2
/give 81554 lv20 x1 50990 501064,2 501204,3 501234,2 501244,2
/give 81514 lv20 x1 50960 501064,2 501204,4 501234,2 501244,2
/give 81534 lv20 x1 30950 501034,2 501064,3 501094,1 501204,3

Amber Bunny Bomber (Tested)
/give 80544 lv20 x1 15001 501034,1 501064,2 501204,4 501224,2 501244,2
/give 80524 lv20 x1 15003 501024,2 501094,2 501224,3 501234,2
/give 80554 lv20 x1 50880 501064,2 501204,3 501234,2 501244,2
/give 80514 lv20 x1 50960 501064,2 501204,4 501234,2 501244,2
/give 80534 lv20 x1 30950 501034,2 501064,3 501094,1 501204,3

Diluc On-Field DPS (Tested)
/give 80544 lv20 x1 15001 501034,1 501064,2 501204,4 501224,2 501244,2
/give 80524 lv20 x1 15003 501024,2 501094,2 501224,3 501234,2
/give 80554 lv20 x1 50990 501064,2 501204,3 501234,2 501244,2
/give 80514 lv20 x1 50960 501064,2 501204,4 501234,2 501244,2
/give 80534 lv20 x1 30950 501034,2 501064,3 501094,1 501204,3

Klee On-Field DPS (Tested)
/give 80544 lv20 x1 15001 501034,1 501064,2 501204,4 501224,2 501244,2
/give 80524 lv20 x1 15003 501024,2 501094,2 501224,3 501234,2
/give 80554 lv20 x1 50990 501064,2 501204,3 501234,2 501244,2
/give 75514 lv20 x1 50960 501064,2 501204,4 501234,2 501244,2
/give 75534 lv20 x1 30950 501034,2 501064,3 501094,1 501204,3

Xinyan Physical DPS (Tested)
/give 92544 lv20 x1 15001 501034,1 501064,2 501204,4 501224,2 501244,2
/give 92524 lv20 x1 15003 501024,2 501094,2 501224,3 501234,2
/give 92554 lv20 x1 50990 501064,2 501204,3 501234,2 501244,2
/give 92514 lv20 x1 50890 501064,2 501204,4 501234,2 501244,2
/give 92534 lv20 x1 30950 501034,2 501064,3 501094,1 501204,3

Hu Tao On-Field DPS (Tested)
/give 80544 lv20 x1 15001 501034,1 501064,2 501204,4 501224,2 501244,2
/give 80524 lv20 x1 15003 501024,2 501094,2 501224,3 501234,2
/give 80554 lv20 x1 50980 501064,2 501204,3 501234,2 501244,2
/give 80514 lv20 x1 50960 501064,2 501204,4 501234,2 501244,2
/give 80534 lv20 x1 30950 501034,2 501064,3 501094,1 501204,3

Yanfei On-Field DPS (Tested)
/give 80544 lv20 x1 15001 501034,1 501064,2 501204,4 501224,2 501244,2
/give 80524 lv20 x1 15003 501024,2 501094,2 501224,3 501234,2
/give 80554 lv20 x1 50880 501064,2 501204,3 501234,2 501244,2
/give 80514 lv20 x1 50960 501064,2 501204,4 501234,2 501244,2
/give 80534 lv20 x1 30950 501034,2 501064,3 501094,1 501204,3

Yoimiya On-Field DPS (Tested)
/give 93544 lv20 x1 15001 501034,1 501064,2 501204,4 501224,2 501244,2
/give 93524 lv20 x1 15003 501024,2 501094,2 501224,3 501234,2
/give 93554 lv20 x1 50990 501064,2 501204,3 501234,2 501244,2
/give 93514 lv20 x1 50960 501064,2 501204,4 501234,2 501244,2
/give 93534 lv20 x1 30950 501034,2 501064,3 501094,1 501204,3

Thoma Off-Field Burgeon DPS (Tested)
/give 28544 lv20 x1 15001 501034,1 501064,2 501204,4 501224,2 501244,2
/give 28524 lv20 x1 15003 501024,2 501094,2 501224,3 501234,2
/give 28554 lv20 x1 50880 501064,2 501204,3 501234,2 501244,2
/give 28514 lv20 x1 50880 501064,2 501204,4 501234,2 501244,2
/give 28534 lv20 x1 50880 501034,2 501064,3 501094,1 501204,3

Thoma Off-Field Pyro DPS (Tested)
/give 81544 lv20 x1 15001 501034,1 501064,2 501204,4 501224,2 501244,2
/give 81524 lv20 x1 15003 501024,2 501094,2 501224,3 501234,2
/give 81554 lv20 x1 10960 501064,2 501204,3 501234,2 501244,2
/give 81514 lv20 x1 50980 501064,2 501204,4 501234,2 501244,2
/give 81534 lv20 x1 50980 501034,2 501064,3 501094,1 501204,3

Dehya On-Field DPS (Tested)
/give 30543 lv20 x1 15001 501034,1 501064,2 501204,4 501224,2 501244,2
/give 30523 lv20 x1 15003 501024,2 501094,2 501224,3 501234,2
/give 30553 lv20 x1 50990 501064,2 501204,3 501234,2 501244,2
/give 30513 lv20 x1 50960 501064,2 501204,4 501234,2 501244,2
/give 30533 lv20 x1 30950 501034,2 501064,3 501094,1 501204,3

Lyney On-Field DPS (Tested)
/give 31543 lv20 x1 15001 501034,1 501064,2 501204,4 501224,2 501244,2
/give 31523 lv20 x1 15003 501024,2 501094,2 501224,3 501234,2
/give 31553 lv20 x1 50990 501064,2 501204,3 501234,2 501244,2
/give 31513 lv20 x1 50960 501064,2 501204,4 501234,2 501244,2
/give 31533 lv20 x1 30950 501034,2 501064,3 501094,1 501204,3

Chevreuse Support (Tested)
/give 33543 lv20 x1 15001 501034,3 501064,2 501204,4 501244,2
/give 33523 lv20 x1 15003 501024,2 501094,2 501224,3 501234,2
/give 33553 lv20 x1 50980 501064,2 501204,3 501234,2 501244,2
/give 33513 lv20 x1 50980 501064,2 501204,4 501234,2 501244,2
/give 33533 lv20 x1 50980 501034,2 501064,3 501094,1 501204,3

Gaming Plunging Attack DPS (Tested)
/give 80544 lv20 x1 15001 501034,1 501064,2 501204,4 501224,2 501244,2
/give 80524 lv20 x1 15003 501024,2 501094,2 501224,3 501234,2
/give 80554 lv20 x1 50880 501064,2 501204,3 501234,2 501244,2
/give 80514 lv20 x1 50960 501064,2 501204,4 501234,2 501244,2
/give 80534 lv20 x1 30950 501034,2 501064,3 501094,1 501204,3

Arlecchino On-Field DPS (Tested)
/give 35543 lv20 x1 15001 501034,3 501064,2 501204,4 501244,2
/give 35523 lv20 x1 15003 501024,2 501094,2 501224,3 501234,2
/give 35553 lv20 x1 50990 501064,2 501204,3 501234,2 501244,2
/give 35513 lv20 x1 50960 501064,2 501204,4 501234,2 501244,2
/give 35533 lv20 x1 30950 501034,2 501064,3 501094,1 501204,3

Mavuika On-Field DPS (NOT TESTED)
/give 38543 lv20 x1 15001 501064,2 501204,2 501224,3 501244,2
/give 38523 lv20 x1 15003 501034,2 501064,2 501224,3 501244,2
/give 38553 lv20 x1 50990 501064,3 501204,2 501224,1 501244,3
/give 38513 lv20 x1 50960 501034,2 501064,3 501094,2 501244,2
/give 38533 lv20 x1 30950 501034,2 501064,3 501204,2 501224,2

Pyro Traveler Pure Damage (NOT TESTED)
/give 37543 lv20 x1 15001 501204,2 501224,3 501234,1 501244,2
/give 37523 lv20 x1 15003 501064,2 501224,3 501234,1 501244,2
/give 37553 lv20 x1 10960 501204,2 501224,1 501234,1 501244,3
/give 37513 lv20 x1 50960 501034,2 501064,3 501234,1 501244,2
/give 37533 lv20 x1 30960 501064,3 501204,2 501224,2 501234,1

Kaeya Quickswap DPS (Tested)
/give 71544 lv20 x1 15001 501034,3 501064,2 501204,4 501244,2
/give 71524 lv20 x1 15003 501024,2 501094,2 501224,3 501234,2
/give 71554 lv20 x1 50990 501064,2 501204,3 501234,2 501244,2
/give 71514 lv20 x1 50940 501064,2 501204,4 501234,2 501244,2
/give 71534 lv20 x1 30950 501034,2 501064,3 501094,1 501204,3

Chongyun Quickswap Support (Tested)
/give 81544 lv20 x1 15001 501034,3 501064,2 501204,4 501244,2
/give 81524 lv20 x1 15003 501024,2 501094,2 501224,3 501234,2
/give 81554 lv20 x1 50990 501064,2 501204,3 501234,2 501244,2
/give 81514 lv20 x1 50940 501064,2 501204,4 501234,2 501244,2
/give 81534 lv20 x1 30950 501034,2 501064,3 501094,1 501204,3

Qiqi Pure Healer (Tested)
/give 96544 lv20 x1 15001 501034,3 501064,2 501204,4 501244,2
/give 96524 lv20 x1 15003 501024,2 501094,2 501224,3 501234,2
/give 96554 lv20 x1 50990 501064,2 501204,3 501234,2 501244,2
/give 96514 lv20 x1 50990 501064,2 501204,4 501234,2 501244,2
/give 96534 lv20 x1 30940 501034,2 501064,3 501094,1 501204,3

Diona Support (Tested)
/give 81544 lv20 x1 15001 501034,3 501064,2 501204,4 501244,2
/give 81524 lv20 x1 15003 501024,2 501094,2 501224,3 501234,2
/give 81554 lv20 x1 50980 501064,2 501204,3 501234,2 501244,2
/give 81514 lv20 x1 50980 501064,2 501204,4 501234,2 501244,2
/give 81534 lv20 x1 50980 501034,2 501064,3 501094,1 501204,3

Ganyu Freeze DPS (Tested)
/give 71544 lv20 x1 15001 501034,3 501064,2 501204,4 501244,2
/give 71524 lv20 x1 15003 501024,2 501094,2 501224,3 501234,2
/give 71554 lv20 x1 50990 501064,2 501204,3 501234,2 501244,2
/give 71514 lv20 x1 50940 501064,2 501204,4 501234,2 501244,2
/give 71534 lv20 x1 30950 501034,2 501064,3 501094,1 501204,3

Rosaria Freeze DPS (Tested)
/give 71544 lv20 x1 15001 501034,3 501064,2 501204,4 501244,2
/give 71524 lv20 x1 15003 501024,2 501094,2 501224,3 501234,2
/give 71554 lv20 x1 50990 501064,2 501204,3 501234,2 501244,2
/give 71514 lv20 x1 50940 501064,2 501204,4 501234,2 501244,2
/give 71534 lv20 x1 30950 501034,2 501064,3 501094,1 501204,3

Eula Physical DPS (Tested)
/give 92544 lv20 x1 15001 501034,3 501064,2 501204,4 501244,2
/give 92524 lv20 x1 15003 501024,2 501094,2 501224,3 501234,2
/give 92554 lv20 x1 50990 501064,2 501204,3 501234,2 501244,2
/give 92514 lv20 x1 50890 501064,2 501204,4 501234,2 501244,2
/give 92534 lv20 x1 30950 501034,2 501064,3 501094,1 501204,3

Kamisato Ayaka On-Field DPS (Tested)
/give 71544 lv20 x1 15001 501034,3 501064,2 501204,4 501244,2
/give 71524 lv20 x1 15003 501024,2 501094,2 501224,3 501234,2
/give 71554 lv20 x1 50990 501064,2 501204,3 501234,2 501244,2
/give 71514 lv20 x1 50940 501064,2 501204,4 501234,2 501244,2
/give 71534 lv20 x1 30950 501034,2 501064,3 501094,1 501204,3

Aloy Reverse Melt DPS (Tested)
/give 94544 lv20 x1 15001 501034,3 501064,2 501204,4 501244,2
/give 94524 lv20 x1 15003 501024,2 501094,2 501224,3 501234,2
/give 94554 lv20 x1 50990 501064,2 501204,3 501234,2 501244,2
/give 94514 lv20 x1 50940 501064,2 501204,4 501234,2 501244,2
/give 94534 lv20 x1 30950 501034,2 501064,3 501094,1 501204,3

Shenhe Off-Field Buffer (Tested)
/give 81544 lv20 x1 15001 501034,3 501064,2 501204,4 501244,2
/give 81524 lv20 x1 15003 501024,2 501094,2 501224,3 501234,2
/give 81554 lv20 x1 50990 501064,2 501204,3 501234,2 501244,2
/give 81514 lv20 x1 50990 501064,2 501204,4 501234,2 501244,2
/give 81534 lv20 x1 50990 501034,2 501064,3 501094,1 501204,3

Layla Shielder (Tested)
/give 91544 lv20 x1 15001 501034,3 501064,2 501204,4 501244,2
/give 91524 lv20 x1 15003 501024,2 501094,2 501224,3 501234,2
/give 91554 lv20 x1 50980 501064,2 501204,3 501234,2 501244,2
/give 91514 lv20 x1 50980 501064,2 501204,4 501234,2 501244,2
/give 91534 lv20 x1 50980 501034,2 501064,3 501094,1 501204,3

Mika Healer/Buffer (Tested)
/give 81544 lv20 x1 15001 501034,3 501064,2 501204,4 501244,2
/give 81524 lv20 x1 15003 501024,2 501094,2 501224,3 501234,2
/give 81554 lv20 x1 50980 501064,2 501204,3 501234,2 501244,2
/give 81514 lv20 x1 50980 501064,2 501204,4 501234,2 501244,2
/give 81534 lv20 x1 30940 501034,2 501064,3 501094,1 501204,3

Freminet Physical DPS (Tested)
/give 92544 lv20 x1 15001 501034,3 501064,2 501204,4 501244,2
/give 92524 lv20 x1 15003 501024,2 501094,2 501224,3 501234,2
/give 92554 lv20 x1 50990 501064,2 501204,3 501234,2 501244,2
/give 92514 lv20 x1 50890 501064,2 501204,4 501234,2 501244,2
/give 92534 lv20 x1 30950 501034,2 501064,3 501094,1 501204,3

Wriothesley On-Field DPS (Tested)
/give 31543 lv20 x1 15001 501034,3 501064,2 501204,4 501244,2
/give 31523 lv20 x1 15003 501024,2 501094,2 501224,3 501234,2
/give 31553 lv20 x1 50990 501064,2 501204,3 501234,2 501244,2
/give 31513 lv20 x1 50940 501064,2 501204,4 501234,2 501244,2
/give 31533 lv20 x1 30950 501034,2 501064,3 501094,1 501204,3

Charlotte Pure Healer (Tested)
/give 81544 lv20 x1 15001 501034,3 501064,2 501204,4 501244,2
/give 81524 lv20 x1 15003 501024,2 501094,2 501224,3 501234,2
/give 81554 lv20 x1 50990 501064,2 501204,3 501234,2 501244,2
/give 81514 lv20 x1 50990 501064,2 501204,4 501234,2 501244,2
/give 81534 lv20 x1 30940 501034,2 501064,3 501094,1 501204,3

Citlali Shielder (NOT TESTED)
/give 37543 lv20 x1 15001 501204,2 501224,2 501234,2 501244,3
/give 37523 lv20 x1 15003 501034,3 501064,2 501094,1 501244,3
/give 37553 lv20 x1 50880 501024,3 501054,1 501084,2 501234,3
/give 37513 lv20 x1 50880 501034,1 501064,2 501234,3 501244,3
/give 37533 lv20 x1 50880 501204,3 501224,2 501234,2 501244,2

Citlali Damage Dealer (NOT TESTED)
/give 37543 lv20 x1 15001 501204,2 501224,2 501234,2 501244,3
/give 37523 lv20 x1 15003 501034,3 501064,2 501094,1 501244,3
/give 37553 lv20 x1 10960 501024,3 501054,1 501084,2 501234,3
/give 37513 lv20 x1 50940 501034,1 501064,2 501234,3 501244,3
/give 37533 lv20 x1 30960 501204,3 501224,2 501234,2 501244,2